3	30.1464	23.6544	4.805	41.3942	1
3	29.9184	23.4399	4.6397	42.002	1
3	29.8868	23.9559	4.0876	42.0697	1
3	30.0496	24.0282	5.1973	40.7249	1
3	31.92517	23.20455	5.19463	39.67565	1
3	33.6258	22.89864	5.73496	37.7406	1
2	35.76377	22.39572	6.26807	35.57244	1
2	35.33592	22.26459	6.94332	35.45617	1
2	36.18904	21.64629	7.23073	34.93394	1
3	33.03234	22.32476	6.62232	38.02058	1
3	32.16953	23.05951	6.65891	38.11205	1
3	30.4876	23.1222	5.7136	40.6766	1
3	31.0988	23.1522	6.6791	39.0699	1
3	31.3164	22.4589	7.0602	39.1645	1
3	31.9232	22.9413	7.1119	38.0236	1
3	31.1516	23.2803	7.21	38.3581	1
3	28.2078	25.72406	6.209765	39.858375	1
3	26.72256	27.0045	6.28198	39.99096	1
1	25.93022	34.81876	5.521475	33.729545	1
1	17.08732	35.26124	3.21018	44.44126	1
1	15.1244	41.485	2.39265	40.99795	1
1	16.79218	40.92591	3.051525	39.230385	1
1	17.45904	40.2515	3.20562	39.08384	1
3	24.1408	38.62275	4.76682	32.46963	1
3	27.78532	32.06403	6.04268	34.10797	1
3	30.622	24.5157	6.5235	38.3388	1
3	30.218	22.9029	6.8523	40.0268	1
3	29.4344	23.6406	6.3784	40.5466	1
3	29.052	23.937	6.2214	40.7896	1
3	28.8664	23.7978	6.2117	41.1241	1
3	29.2724	23.6565	5.7985	41.2726	1
3	29.0908	23.9613	5.5625	41.3854	1
3	29.5036	23.8296	5.67	40.9968	1
3	30.118	24.4359	6.0234	39.4227	1
3	28.7696	24.303	6.3733	40.5541	1
3	27.8108	24.3237	6.4635	41.402	1
3	28.8056	23.9034	6.2745	41.0165	1
3	28.6024	24.072	6.5278	40.7978	1
3	27.7976	24.3984	6.3674	41.4366	1
3	27.9736	23.9844	6.5907	41.4513	1
3	28.5384	24.1527	6.3344	40.9745	1
3	29.3076	24.033	6.3625	40.2969	1
3	29.5004	23.6157	6.1731	40.7108	1
3	29.492	24.8091	5.7775	39.9214	1
3	29.2716	24.8322	6.0079	39.8883	1
3	30.0284	25.2939	6.6763	38.0014	1
3	28.236	25.6107	6.5886	39.5647	1
3	28.596	25.0614	6.5772	39.7654	1
3	28.9396	25.6815	6.6085	38.7704	1
3	29.2932	25.4145	7.0306	38.2617	1
3	29.0536	25.2879	7.127	38.5315	1
3	28.2172	25.746	6.9128	39.124	1
3	28.3612	26.0625	6.6167	38.9596	1
3	28.8964	26.3742	6.7455	37.9839	1
3	28.6484	25.9563	6.2178	39.1775	1
3	29.7796	26.2779	6.1175	37.825	1
3	29.7196	25.7298	6.4498	38.1008	1
3	30.6248	26.0844	7.2171	36.0737	1
3	30.5496	25.4166	7.3154	36.7184	1
3	31.2476	25.7745	7.3548	35.6231	1
3	31.3444	26.7231	7.041	34.8915	1
3	32.4152	26.9307	6.5247	34.1294	1
3	32.1132	26.2476	7.1499	34.4893	1
3	31.2316	25.5627	6.6452	36.5605	1
3	31.726	25.7625	6.6987	35.8128	1
3	30.8464	26.1039	6.7673	36.2824	1
3	30.5452	25.7112	6.4061	37.3375	1
3	30.4372	26.0562	6.076	37.4306	1
3	29.744	25.9653	5.6595	38.6312	1
3	29.4452	25.8723	5.4506	39.2319	1
3	28.5528	25.7877	5.7734	39.8861	1
3	28.4336	25.8531	6.0503	39.663	1
3	28.5048	25.3269	6.0884	40.0799	1
3	28.1844	25.0869	6.2148	40.5139	1
3	27.6708	26.0127	6.6496	39.6669	1
3	27.3672	26.0562	6.914	39.6626	1
3	26.6776	26.2533	6.7556	40.3135	1
3	26.5748	26.454	6.3296	40.6416	1
3	26.8732	25.9155	5.468	41.7433	1
3	28.9456	25.965	6.0004	39.089	1
3	29.6548	26.4534	5.777	38.1148	1
3	29.5932	25.0347	6.0049	39.3672	1
3	29.1364	25.3836	5.3454	40.1346	1
3	28.2716	25.5891	5.2506	40.8887	1
3	27.4084	26.2365	4.9373	41.4178	1
3	27.1484	26.1432	4.8175	41.8909	1
3	27.0944	26.4858	5.0264	41.3934	1
3	27.2412	26.2392	4.426	42.0936	1
3	26.4092	26.8779	4.087	42.6259	1
3	27.9204	26.6328	3.7539	41.6929	1
3	28.4548	24.6261	3.4228	43.4963	1
3	28.9892	24.3801	3.2583	43.3724	1
3	28.946	24.5652	3.0236	43.4652	1
3	29.884	24.1599	3.0988	42.8573	1
3	30.0436	24.7818	3.101	42.0736	1
3	29.6212	25.6938	2.8637	41.8213	1
3	28.9992	25.2882	2.4479	43.2647	1
3	29.1728	25.3182	2.7865	42.7225	1
3	29.1688	25.05	2.5246	43.2566	1
3	30.1548	25.0854	1.7744	42.9854	1
3	27.89164	26.93233	2.62395	42.55208	1
3	28.5974	27.22973	2.738785	41.434085	1
1	28.90388	27.42473	3.415695	40.255695	1
3	28.30648	27.81748	3.544385	40.331655	1
3	26.95482	27.11326	3.57012	42.3618	1
3	28.4012	26.7348	4.0947	40.7693	1
3	27.9976	27.3549	4.0565	40.591	1
3	28.3732	26.9427	4.2601	40.424	1
3	27.3672	27.702	3.963	40.9678	1
3	26.762	27.1371	3.6679	42.433	1
3	26.74	27.2985	3.8635	42.098	1
3	25.3384	27.7437	3.5434	43.3745	1
3	24.7204	27.5886	3.0558	44.6352	1
3	24.3016	27.8667	3.4086	44.4231	1
3	24.858	28.5966	3.3776	43.1678	1
3	24.6412	28.4427	3.0504	43.8657	1
3	23.8508	27.9825	3.6583	44.5084	1
3	23.6668	27.5229	3.7871	45.0232	1
3	23.302	27.0654	4.1195	45.5131	1
3	23.1396	26.7531	3.7596	46.3477	1
3	22.7888	26.1468	3.9798	47.0846	1
3	21.4508	26.2734	3.9023	48.3735	1
3	21.2832	25.6653	4.046	49.0055	1
3	20.516	25.3515	4.2561	49.8764	1
NaN	NaN	NaN	NaN	NaN	NaN
NaN	NaN	NaN	NaN	NaN	NaN
NaN	NaN	NaN	NaN	NaN	NaN
NaN	NaN	NaN	NaN	NaN	NaN
NaN	NaN	NaN	NaN	NaN	NaN
NaN	NaN	NaN	NaN	NaN	NaN
NaN	NaN	NaN	NaN	NaN	NaN
NaN	NaN	NaN	NaN	NaN	NaN
NaN	NaN	NaN	NaN	NaN	NaN
NaN	NaN	NaN	NaN	NaN	NaN
NaN	NaN	NaN	NaN	NaN	NaN
NaN	NaN	NaN	NaN	NaN	NaN
NaN	NaN	NaN	NaN	NaN	NaN
NaN	NaN	NaN	NaN	NaN	NaN
NaN	NaN	NaN	NaN	NaN	NaN
NaN	NaN	NaN	NaN	NaN	NaN
NaN	NaN	NaN	NaN	NaN	NaN
NaN	NaN	NaN	NaN	NaN	NaN
NaN	NaN	NaN	NaN	NaN	NaN
NaN	NaN	NaN	NaN	NaN	NaN
NaN	NaN	NaN	NaN	NaN	NaN
NaN	NaN	NaN	NaN	NaN	NaN
NaN	NaN	NaN	NaN	NaN	NaN
NaN	NaN	NaN	NaN	NaN	NaN
NaN	NaN	NaN	NaN	NaN	NaN
NaN	NaN	NaN	NaN	NaN	NaN
NaN	NaN	NaN	NaN	NaN	NaN
NaN	NaN	NaN	NaN	NaN	NaN
NaN	NaN	NaN	NaN	NaN	NaN
NaN	NaN	NaN	NaN	NaN	NaN
NaN	NaN	NaN	NaN	NaN	NaN
NaN	NaN	NaN	NaN	NaN	NaN
NaN	NaN	NaN	NaN	NaN	NaN
NaN	NaN	NaN	NaN	NaN	NaN
NaN	NaN	NaN	NaN	NaN	NaN
NaN	NaN	NaN	NaN	NaN	NaN
NaN	NaN	NaN	NaN	NaN	NaN
NaN	NaN	NaN	NaN	NaN	NaN
NaN	NaN	NaN	NaN	NaN	NaN
NaN	NaN	NaN	NaN	NaN	NaN
NaN	NaN	NaN	NaN	NaN	NaN
NaN	NaN	NaN	NaN	NaN	NaN
NaN	NaN	NaN	NaN	NaN	NaN
NaN	NaN	NaN	NaN	NaN	NaN
NaN	NaN	NaN	NaN	NaN	NaN
NaN	NaN	NaN	NaN	NaN	NaN
NaN	NaN	NaN	NaN	NaN	NaN
NaN	NaN	NaN	NaN	NaN	NaN
NaN	NaN	NaN	NaN	NaN	NaN
NaN	NaN	NaN	NaN	NaN	NaN
NaN	NaN	NaN	NaN	NaN	NaN
NaN	NaN	NaN	NaN	NaN	NaN
NaN	NaN	NaN	NaN	NaN	NaN
NaN	NaN	NaN	NaN	NaN	NaN
NaN	NaN	NaN	NaN	NaN	NaN
NaN	NaN	NaN	NaN	NaN	NaN
NaN	NaN	NaN	NaN	NaN	NaN
NaN	NaN	NaN	NaN	NaN	NaN
NaN	NaN	NaN	NaN	NaN	NaN
NaN	NaN	NaN	NaN	NaN	NaN
NaN	NaN	NaN	NaN	NaN	NaN
NaN	NaN	NaN	NaN	NaN	NaN
NaN	NaN	NaN	NaN	NaN	NaN
NaN	NaN	NaN	NaN	NaN	NaN
NaN	NaN	NaN	NaN	NaN	NaN
NaN	NaN	NaN	NaN	NaN	NaN
NaN	NaN	NaN	NaN	NaN	NaN
NaN	NaN	NaN	NaN	NaN	NaN
NaN	NaN	NaN	NaN	NaN	NaN
NaN	NaN	NaN	NaN	NaN	NaN
NaN	NaN	NaN	NaN	NaN	NaN
NaN	NaN	NaN	NaN	NaN	NaN
NaN	NaN	NaN	NaN	NaN	NaN
NaN	NaN	NaN	NaN	NaN	NaN
NaN	NaN	NaN	NaN	NaN	NaN
NaN	NaN	NaN	NaN	NaN	NaN
NaN	NaN	NaN	NaN	NaN	NaN
NaN	NaN	NaN	NaN	NaN	NaN
NaN	NaN	NaN	NaN	NaN	NaN
NaN	NaN	NaN	NaN	NaN	NaN
NaN	NaN	NaN	NaN	NaN	NaN
NaN	NaN	NaN	NaN	NaN	NaN
NaN	NaN	NaN	NaN	NaN	NaN
NaN	NaN	NaN	NaN	NaN	NaN
NaN	NaN	NaN	NaN	NaN	NaN
NaN	NaN	NaN	NaN	NaN	NaN
NaN	NaN	NaN	NaN	NaN	NaN
NaN	NaN	NaN	NaN	NaN	NaN
NaN	NaN	NaN	NaN	NaN	NaN
NaN	NaN	NaN	NaN	NaN	NaN
NaN	NaN	NaN	NaN	NaN	NaN
NaN	NaN	NaN	NaN	NaN	NaN
NaN	NaN	NaN	NaN	NaN	NaN
NaN	NaN	NaN	NaN	NaN	NaN
NaN	NaN	NaN	NaN	NaN	NaN
NaN	NaN	NaN	NaN	NaN	NaN
NaN	NaN	NaN	NaN	NaN	NaN
NaN	NaN	NaN	NaN	NaN	NaN
NaN	NaN	NaN	NaN	NaN	NaN
NaN	NaN	NaN	NaN	NaN	NaN
NaN	NaN	NaN	NaN	NaN	NaN
NaN	NaN	NaN	NaN	NaN	NaN
NaN	NaN	NaN	NaN	NaN	NaN
NaN	NaN	NaN	NaN	NaN	NaN
NaN	NaN	NaN	NaN	NaN	NaN
NaN	NaN	NaN	NaN	NaN	NaN
NaN	NaN	NaN	NaN	NaN	NaN
NaN	NaN	NaN	NaN	NaN	NaN
NaN	NaN	NaN	NaN	NaN	NaN
NaN	NaN	NaN	NaN	NaN	NaN
NaN	NaN	NaN	NaN	NaN	NaN
NaN	NaN	NaN	NaN	NaN	NaN
NaN	NaN	NaN	NaN	NaN	NaN
NaN	NaN	NaN	NaN	NaN	NaN
NaN	NaN	NaN	NaN	NaN	NaN
NaN	NaN	NaN	NaN	NaN	NaN
NaN	NaN	NaN	NaN	NaN	NaN
NaN	NaN	NaN	NaN	NaN	NaN
NaN	NaN	NaN	NaN	NaN	NaN
NaN	NaN	NaN	NaN	NaN	NaN
NaN	NaN	NaN	NaN	NaN	NaN
NaN	NaN	NaN	NaN	NaN	NaN
NaN	NaN	NaN	NaN	NaN	NaN
NaN	NaN	NaN	NaN	NaN	NaN
NaN	NaN	NaN	NaN	NaN	NaN
NaN	NaN	NaN	NaN	NaN	NaN
3	28.3432	22.2759	4.2689	45.112	1
3	27.5588	22.6326	4.1054	45.7032	1
3	28.7428	22.3938	4.4947	44.3687	1
3	30.4968	22.3068	4.7924	42.404	1
3	31.2748	21.9333	4.6004	42.1915	1
3	33.00716	21.48417	5.48762	40.02105	1
3	33.9492	20.95652	5.81796	39.27632	1
3	35.71432	20.47389	7.24634	36.56545	1
3	34.63506	20.64608	6.6386	38.08026	1
3	32.3364	20.74196	6.28904	40.6326	1
3	31.444	20.9217	5.8765	41.7578	1
3	31.6808	20.8161	5.9623	41.5408	1
3	31.5188	20.5689	6.3331	41.5792	1
3	30.9564	20.4642	6.6468	41.9326	1
3	30.3908	21.5208	6.2975	41.7909	1
3	29.8292	21.2451	6.3419	42.5838	1
3	28.674	22.0053	6.0378	43.2829	1
3	26.5406	26.95734	5.31948	41.18258	1
3	21.17852	28.7492	4.42028	45.652	1
1	19.93746	36.53733	3.71564	39.80957	1
1	15.784	44.3395	3.09625	36.78025	1
1	14.589	41.894	2.90765	40.60935	1
1	14.93948	36.36421	2.7399	45.95641	1
1	22.86028	37.78035	4.52047	34.8389	1
3	25.1158	27.39122	5.83644	41.65654	1
3	27.8128	22.8957	6.8555	42.436	1
3	27.8272	22.6122	6.746	42.8146	1
3	28.8276	22.4754	7.0762	41.6208	1
3	29.442	22.9356	6.5276	41.0948	1
3	29.0936	22.0767	6.2582	42.5715	1
3	29.9204	22.095	6.2311	41.7535	1
3	28.9596	21.6807	6.193	43.1667	1
3	28.5652	21.855	5.9128	43.667	1
3	28.5604	22.7661	5.7899	42.8836	1
3	28.3636	22.6407	5.8516	43.1441	1
3	29.5268	23.2431	5.4986	41.7315	1
3	28.9164	24.282	5.5887	41.2129	1
3	28.8832	24.2988	5.7339	41.0841	1
3	29.0436	24.3171	5.9354	40.7039	1
3	28.8132	22.7271	5.8735	42.5862	1
3	29.3616	23.9313	6.426	40.2811	1
3	27.9464	24.4038	6.3617	41.2881	1
3	28.8988	24.8763	6.0615	40.1634	1
3	31.0416	24.9066	6.4266	37.6252	1
3	30.4424	24.9294	6.5892	38.039	1
3	29.2616	25.1046	7.1772	38.4566	1
3	28.8524	25.5738	7.2614	38.3124	1
3	27.6484	25.3134	6.8059	40.2323	1
3	27.2352	24.6144	7.4576	40.6928	1
3	27.9928	25.2315	7.4008	39.3749	1
3	27.5624	25.8459	7.4046	39.1871	1
3	28.2916	25.7274	7.6207	38.3603	1
3	27.6408	26.2002	7.6789	38.4801	1
3	28.3652	26.8236	7.4643	37.3469	1
3	28.3128	26.562	7.3281	37.7971	1
3	28.65	26.6007	6.9743	37.775	1
3	29.7624	26.505	6.9492	36.7834	1
3	30.0932	25.8213	7.4732	36.6123	1
3	29.6324	25.5762	7.5377	37.2537	1
3	30.3408	25.1865	7.223	37.2497	1
3	30.6672	25.0959	7.5045	36.7324	1
3	31.3708	24.8724	6.9143	36.8425	1
3	31.6964	24.9414	6.6739	36.6883	1
3	32.2084	25.4454	6.6908	35.6554	1
3	31.3324	26.1042	6.1298	36.4336	1
3	31.6268	25.7361	6.1283	36.5088	1
3	30.1612	26.5398	6.0699	37.2291	1
3	31.048	26.16	5.6187	37.1733	1
3	30.9552	26.5164	5.8341	36.6943	1
3	31.2616	27.4575	5.76	35.5209	1
3	31.3748	27.2283	5.4694	35.9275	1
3	30.294	26.8503	5.6831	37.1726	1
3	30.3796	26.9151	5.593	37.1123	1
3	29.8768	26.9721	6.1466	37.0045	1
3	29.3788	27.0267	6.6753	36.9192	1
3	28.488	26.6346	6.7818	38.0956	1
3	28.5884	26.2455	6.3362	38.8299	1
3	28.2928	25.8549	6.2753	39.577	1
3	27.594	26.1984	5.9939	40.2137	1
3	28.862	26.2527	5.9363	38.949	1
3	30.5496	26.5956	5.7554	37.0994	1
3	30.88	26.4927	5.5967	37.0306	1
3	30.4296	26.2485	4.9416	38.3803	1
3	30.1728	25.5684	4.4948	39.764	1
3	30.51	25.7592	4.6567	39.0741	1
3	30.0768	25.6494	4.4163	39.8575	1
3	29.4584	24.6525	3.9554	41.9337	1
3	29.2276	24.2508	3.5163	43.0053	1
3	30.1744	24.729	3.0235	42.0731	1
3	30.1484	23.5914	3.5837	42.6765	1
3	29.3276	23.4843	3.2498	43.9383	1
3	29.888	23.6742	2.9896	43.4482	1
3	29.0776	23.2722	2.5419	45.1083	1
3	29.4428	24.3426	2.4128	43.8018	1
3	29.792	24.2316	2.4835	43.4929	1
3	29.5732	22.9428	1.7437	45.7403	1
3	29.9484	24.0093	2.3092	43.7331	1
3	30.1376	24.4773	2.795	42.5901	1
3	30.7116	25.3824	2.9771	40.9289	1
3	29.5336	24.6762	3.1346	42.6556	1
3	29.5276	24.7068	3.2094	42.5562	1
3	26.73898	26.32012	3.1744	43.7665	1
3	27.48258	26.22355	3.520185	42.773685	1
3	27.20718	26.754	3.37982	42.659	1
3	28.7112	24.5145	3.9486	42.8257	1
3	29.6812	24.9864	3.9529	41.3795	1
3	29.2612	25.1571	3.4604	42.1213	1
3	29.8204	24.7365	3.1245	42.3186	1
3	29.6008	25.3461	2.9418	42.1113	1
3	29.5772	26.5389	3.2999	40.584	1
3	29.158	25.8165	3.6466	41.3789	1
3	28.7492	26.4126	3.2113	41.6269	1
3	28.346	26.9997	3.1684	41.4859	1
3	28.1396	27.2862	3.0708	41.5034	1
3	26.9424	27.5826	3.024	42.451	1
3	26.1368	27.4446	2.5721	43.8465	1
3	26.3212	26.718	2.6407	44.3201	1
3	26.9204	26.1303	2.8672	44.0821	1
3	26.7472	25.8267	3.5342	43.8919	1
3	26.3728	25.3728	3.783	44.4714	1
3	26.9776	25.5057	3.9958	43.5209	1
3	26.9924	25.3365	4.0607	43.6104	1
3	25.8292	24.4335	4.0218	45.7155	1
3	24.266	24.2643	4.3046	47.1651	1
NaN	NaN	NaN	NaN	NaN	NaN
NaN	NaN	NaN	NaN	NaN	2
NaN	NaN	NaN	NaN	NaN	NaN
NaN	NaN	NaN	NaN	NaN	2
NaN	NaN	NaN	NaN	NaN	NaN
NaN	NaN	NaN	NaN	NaN	2
NaN	NaN	NaN	NaN	NaN	NaN
NaN	NaN	NaN	NaN	NaN	2
NaN	NaN	NaN	NaN	NaN	NaN
NaN	NaN	NaN	NaN	NaN	2
NaN	NaN	NaN	NaN	NaN	NaN
NaN	NaN	NaN	NaN	NaN	2
NaN	NaN	NaN	NaN	NaN	NaN
NaN	NaN	NaN	NaN	NaN	2
NaN	NaN	NaN	NaN	NaN	NaN
NaN	NaN	NaN	NaN	NaN	2
NaN	NaN	NaN	NaN	NaN	NaN
NaN	NaN	NaN	NaN	NaN	2
NaN	NaN	NaN	NaN	NaN	NaN
NaN	NaN	NaN	NaN	NaN	2
NaN	NaN	NaN	NaN	NaN	NaN
NaN	NaN	NaN	NaN	NaN	2
NaN	NaN	NaN	NaN	NaN	NaN
NaN	NaN	NaN	NaN	NaN	2
NaN	NaN	NaN	NaN	NaN	NaN
NaN	NaN	NaN	NaN	NaN	2
NaN	NaN	NaN	NaN	NaN	NaN
NaN	NaN	NaN	NaN	NaN	2
NaN	NaN	NaN	NaN	NaN	NaN
NaN	NaN	NaN	NaN	NaN	2
NaN	NaN	NaN	NaN	NaN	NaN
NaN	NaN	NaN	NaN	NaN	2
NaN	NaN	NaN	NaN	NaN	NaN
NaN	NaN	NaN	NaN	NaN	2
NaN	NaN	NaN	NaN	NaN	NaN
NaN	NaN	NaN	NaN	NaN	2
NaN	NaN	NaN	NaN	NaN	NaN
NaN	NaN	NaN	NaN	NaN	2
NaN	NaN	NaN	NaN	NaN	NaN
NaN	NaN	NaN	NaN	NaN	2
NaN	NaN	NaN	NaN	NaN	NaN
NaN	NaN	NaN	NaN	NaN	2
NaN	NaN	NaN	NaN	NaN	NaN
NaN	NaN	NaN	NaN	NaN	2
NaN	NaN	NaN	NaN	NaN	NaN
NaN	NaN	NaN	NaN	NaN	2
NaN	NaN	NaN	NaN	NaN	NaN
NaN	NaN	NaN	NaN	NaN	2
NaN	NaN	NaN	NaN	NaN	NaN
NaN	NaN	NaN	NaN	NaN	2
NaN	NaN	NaN	NaN	NaN	NaN
NaN	NaN	NaN	NaN	NaN	2
NaN	NaN	NaN	NaN	NaN	NaN
NaN	NaN	NaN	NaN	NaN	2
NaN	NaN	NaN	NaN	NaN	NaN
NaN	NaN	NaN	NaN	NaN	2
NaN	NaN	NaN	NaN	NaN	NaN
NaN	NaN	NaN	NaN	NaN	2
NaN	NaN	NaN	NaN	NaN	NaN
NaN	NaN	NaN	NaN	NaN	2
NaN	NaN	NaN	NaN	NaN	NaN
NaN	NaN	NaN	NaN	NaN	2
NaN	NaN	NaN	NaN	NaN	NaN
NaN	NaN	NaN	NaN	NaN	2
NaN	NaN	NaN	NaN	NaN	NaN
NaN	NaN	NaN	NaN	NaN	2
NaN	NaN	NaN	NaN	NaN	NaN
NaN	NaN	NaN	NaN	NaN	2
NaN	NaN	NaN	NaN	NaN	NaN
NaN	NaN	NaN	NaN	NaN	2
NaN	NaN	NaN	NaN	NaN	NaN
NaN	NaN	NaN	NaN	NaN	2
NaN	NaN	NaN	NaN	NaN	NaN
NaN	NaN	NaN	NaN	NaN	2
NaN	NaN	NaN	NaN	NaN	NaN
NaN	NaN	NaN	NaN	NaN	2
NaN	NaN	NaN	NaN	NaN	NaN
NaN	NaN	NaN	NaN	NaN	2
NaN	NaN	NaN	NaN	NaN	NaN
NaN	NaN	NaN	NaN	NaN	2
NaN	NaN	NaN	NaN	NaN	NaN
NaN	NaN	NaN	NaN	NaN	2
NaN	NaN	NaN	NaN	NaN	NaN
NaN	NaN	NaN	NaN	NaN	2
NaN	NaN	NaN	NaN	NaN	NaN
NaN	NaN	NaN	NaN	NaN	2
NaN	NaN	NaN	NaN	NaN	NaN
NaN	NaN	NaN	NaN	NaN	2
NaN	NaN	NaN	NaN	NaN	NaN
NaN	NaN	NaN	NaN	NaN	2
NaN	NaN	NaN	NaN	NaN	NaN
NaN	NaN	NaN	NaN	NaN	2
NaN	NaN	NaN	NaN	NaN	NaN
NaN	NaN	NaN	NaN	NaN	2
NaN	NaN	NaN	NaN	NaN	NaN
NaN	NaN	NaN	NaN	NaN	2
NaN	NaN	NaN	NaN	NaN	NaN
NaN	NaN	NaN	NaN	NaN	2
NaN	NaN	NaN	NaN	NaN	NaN
NaN	NaN	NaN	NaN	NaN	2
NaN	NaN	NaN	NaN	NaN	NaN
NaN	NaN	NaN	NaN	NaN	2
NaN	NaN	NaN	NaN	NaN	NaN
NaN	NaN	NaN	NaN	NaN	2
NaN	NaN	NaN	NaN	NaN	NaN
NaN	NaN	NaN	NaN	NaN	2
NaN	NaN	NaN	NaN	NaN	NaN
NaN	NaN	NaN	NaN	NaN	2
NaN	NaN	NaN	NaN	NaN	NaN
NaN	NaN	NaN	NaN	NaN	2
NaN	NaN	NaN	NaN	NaN	NaN
NaN	NaN	NaN	NaN	NaN	2
NaN	NaN	NaN	NaN	NaN	NaN
NaN	NaN	NaN	NaN	NaN	2
NaN	NaN	NaN	NaN	NaN	NaN
NaN	NaN	NaN	NaN	NaN	2
NaN	NaN	NaN	NaN	NaN	NaN
NaN	NaN	NaN	NaN	NaN	2
NaN	NaN	NaN	NaN	NaN	NaN
NaN	NaN	NaN	NaN	NaN	2
NaN	NaN	NaN	NaN	NaN	NaN
NaN	NaN	NaN	NaN	NaN	2
NaN	NaN	NaN	NaN	NaN	NaN
NaN	NaN	NaN	NaN	NaN	2
NaN	NaN	NaN	NaN	NaN	NaN
NaN	NaN	NaN	NaN	NaN	2
3	27.4704	19.7877	4.6684	48.0735	1
3	28.0532	20.5719	5.4331	45.9418	1
3	27.8608	20.0334	5.2176	46.8882	1
3	26.698	20.3724	5.5689	47.3607	1
3	26.7124	20.7099	5.6836	46.8941	1
3	26.912	20.6028	5.5933	46.8919	1
3	31.47375	21.2165	6.55046	40.75929	1
3	30.1683	21.42834	7.19378	41.20958	1
3	26.964	19.4616	6.0295	47.5449	1
3	27.2056	19.6509	6.2371	46.9064	1
3	26.292	20.1345	6.2405	47.333	1
3	26.7608	20.1771	6.2306	46.8315	1
3	27.2252	19.7796	6.3657	46.6295	1
3	27.6796	19.3731	6.3435	46.6038	1
3	27.1484	18.8223	6.2543	47.775	1
3	27.9816	19.1466	5.5548	47.317	1
3	27.4536	19.3164	5.397	47.833	1
3	27.5152	18.3117	5.3557	48.8174	1
3	26.8402	28.57392	4.893425	39.692455	1
1	21.58	31.3641	4.01585	43.04005	1
1	15.0052	35.69462	2.9954	46.30478	1
1	15.7518	43.0205	3.0917	38.136	1
1	15.3274	42.771	2.9114	38.9902	1
1	18.61884	37.48422	3.758015	40.138925	1
3	23.1485	34.48308	5.0416	37.32682	1
3	24.3542	25.73276	5.09853	44.81451	1
3	26.8044	22.3395	6.3649	44.4912	1
3	26.8384	22.5129	6.5078	44.1409	1
3	27.838	21.9489	6.5459	43.6672	1
3	28.8256	21.0921	6.7548	43.3275	1
3	28.8264	21.5598	6.3757	43.2381	1
3	28.6188	22.0302	5.8095	43.5415	1
3	29.3768	22.6431	5.8009	42.1792	1
3	30.1296	22.9626	5.4857	41.4221	1
3	30.0928	23.4318	5.0726	41.4028	1
3	30.0552	23.0163	5.0898	41.8387	1
3	31.396	23.3391	5.856	39.4089	1
3	31.7564	23.0781	5.7583	39.4072	1
3	30.7408	23.5527	6.3476	39.3589	1
3	30.7128	23.886	6.8587	38.5425	1
3	30.6928	24.075	6.5771	38.6551	1
3	29.8896	23.6715	7.045	39.3939	1
3	30.0704	23.2644	6.824	39.8412	1
3	29.8564	23.2854	6.994	39.8642	1
3	29.45	23.3118	6.7698	40.4684	1
3	29.0516	23.6334	7.2474	40.0676	1
3	30.2256	23.5212	6.899	39.3542	1
3	29.2432	24.1446	6.5298	40.0824	1
3	29.234	24.4761	7.5273	38.7626	1
3	30.198	23.4894	7.922	38.3906	1
3	31.72906	28.66315	8.062545	31.545245	1
3	29.5432	23.7141	7.5344	39.2083	1
3	30.8616	24.9252	7.1291	37.0841	1
3	31.9784	25.5555	6.7956	35.6705	1
3	31.5256	25.8951	6.7481	35.8312	1
3	32.06	26.3829	7.2336	34.3235	1
3	31.9984	26.2863	7.1255	34.5898	1
3	32.5304	26.7729	7.1682	33.5285	1
3	32.2756	26.8251	6.7394	34.1599	1
3	32.0228	26.2899	6.7062	34.9811	1
3	33.342	26.9427	6.685	33.0303	1
3	32.9004	26.2785	6.8999	33.9212	1
3	32.2464	26.349	6.2036	35.201	1
3	32.9592	26.4276	6.2692	34.344	1
3	32.696	26.0676	6.1516	35.0848	1
3	32.2324	26.4408	6.2169	35.1099	1
3	31.384	26.5251	6.3465	35.7444	1
3	30.5436	25.7175	6.592	37.1469	1
3	30.6764	25.6359	6.3521	37.3356	1
3	31.7928	25.4037	6.3647	36.4388	1
3	32.1216	25.0158	5.9115	36.9511	1
3	32.2508	25.2177	5.5984	36.9331	1
3	31.0104	24.9792	5.6375	38.3729	1
3	30.1556	25.6113	5.6	38.6331	1
3	28.7	25.8033	5.8836	39.6131	1
3	28.0288	25.8489	5.9649	40.1574	1
3	27.1596	26.9265	5.8504	40.0635	1
3	27.0648	26.3751	5.4938	41.0663	1
3	25.8076	25.9776	5.895	42.3198	1
3	26.518	25.731	5.2852	42.4658	1
3	28.2168	26.6568	5.829	39.2974	1
3	28.5504	26.262	5.2036	39.984	1
3	28.4964	25.5648	4.7837	41.1551	1
3	29.036	25.7463	4.761	40.4567	1
3	28.4008	25.7841	4.482	41.3331	1
3	28.3636	26.4147	4.2324	40.9893	1
3	28.334	26.7564	3.411	41.4986	1
3	28.2988	25.6227	2.872	43.2065	1
3	29.4452	25.2159	3.0133	42.3256	1
3	28.6464	23.6307	3.4257	44.2972	1
3	28.2496	23.3613	2.8752	45.5139	1
3	30.3964	22.9527	2.8283	43.8226	1
3	30.5776	22.8339	2.8994	43.6891	1
3	29.7844	23.1615	2.7846	44.2695	1
3	28.5868	22.9164	2.619	45.8778	1
3	29.7272	23.6985	2.0971	44.4772	1
3	28.8972	24.0405	2.4237	44.6386	1
3	29.2444	23.4963	2.8585	44.4008	1
3	29.5944	23.3895	3.7075	43.3086	1
3	28.9668	22.9845	3.7052	44.3435	1
3	27.3612	23.0202	3.7391	45.8795	1
3	27.5104	22.314	3.6261	46.5495	1
3	27.264	22.1934	3.7876	46.755	1
3	27.414	22.9554	3.8718	45.7588	1
3	27.1904	24.297	3.5506	44.962	1
3	27.5672	24.1683	3.0758	45.1887	1
3	29.52	24.3369	3.0904	43.0527	1
3	29.52	24.0558	2.807	43.6172	1
3	29.3148	23.7669	3.2131	43.7052	1
3	29.2896	23.9214	3.0143	43.7747	1
3	28.4688	24.804	2.6643	44.0629	1
3	28.8236	25.6833	3.024	42.4691	1
3	29.384	25.83	3.3738	41.4122	1
3	28.562	25.5381	3.4905	42.4094	1
3	29.508	26.1375	2.8886	41.4659	1
3	28.7024	25.8537	2.8569	42.587	1
3	28.1084	25.1187	3.4846	43.2883	1
3	27.7196	25.119	3.8173	43.3441	1
3	27.714	24.6684	3.6994	43.9182	1
3	26.3288	24.2097	3.6113	45.8502	1
3	26.5136	23.6013	3.925	45.9601	1
3	25.7228	23.8833	3.7507	46.6432	1
3	24.718	23.2833	4.3884	47.6103	1
3	25.294	23.1204	4.1921	47.3935	1
NaN	NaN	NaN	NaN	NaN	NaN
NaN	NaN	NaN	NaN	NaN	NaN
NaN	NaN	NaN	NaN	NaN	NaN
NaN	NaN	NaN	NaN	NaN	NaN
NaN	NaN	NaN	NaN	NaN	NaN
NaN	NaN	NaN	NaN	NaN	NaN
NaN	NaN	NaN	NaN	NaN	NaN
NaN	NaN	NaN	NaN	NaN	NaN
NaN	NaN	NaN	NaN	NaN	NaN
NaN	NaN	NaN	NaN	NaN	NaN
NaN	NaN	NaN	NaN	NaN	NaN
NaN	NaN	NaN	NaN	NaN	NaN
NaN	NaN	NaN	NaN	NaN	NaN
NaN	NaN	NaN	NaN	NaN	NaN
NaN	NaN	NaN	NaN	NaN	NaN
NaN	NaN	NaN	NaN	NaN	NaN
NaN	NaN	NaN	NaN	NaN	NaN
NaN	NaN	NaN	NaN	NaN	NaN
NaN	NaN	NaN	NaN	NaN	NaN
NaN	NaN	NaN	NaN	NaN	NaN
NaN	NaN	NaN	NaN	NaN	NaN
NaN	NaN	NaN	NaN	NaN	NaN
NaN	NaN	NaN	NaN	NaN	NaN
NaN	NaN	NaN	NaN	NaN	NaN
NaN	NaN	NaN	NaN	NaN	NaN
NaN	NaN	NaN	NaN	NaN	NaN
NaN	NaN	NaN	NaN	NaN	NaN
NaN	NaN	NaN	NaN	NaN	NaN
NaN	NaN	NaN	NaN	NaN	NaN
NaN	NaN	NaN	NaN	NaN	NaN
NaN	NaN	NaN	NaN	NaN	NaN
NaN	NaN	NaN	NaN	NaN	NaN
NaN	NaN	NaN	NaN	NaN	NaN
NaN	NaN	NaN	NaN	NaN	NaN
NaN	NaN	NaN	NaN	NaN	NaN
NaN	NaN	NaN	NaN	NaN	NaN
NaN	NaN	NaN	NaN	NaN	NaN
NaN	NaN	NaN	NaN	NaN	NaN
NaN	NaN	NaN	NaN	NaN	NaN
NaN	NaN	NaN	NaN	NaN	NaN
NaN	NaN	NaN	NaN	NaN	NaN
NaN	NaN	NaN	NaN	NaN	NaN
NaN	NaN	NaN	NaN	NaN	NaN
NaN	NaN	NaN	NaN	NaN	NaN
NaN	NaN	NaN	NaN	NaN	NaN
NaN	NaN	NaN	NaN	NaN	NaN
NaN	NaN	NaN	NaN	NaN	NaN
NaN	NaN	NaN	NaN	NaN	NaN
NaN	NaN	NaN	NaN	NaN	NaN
NaN	NaN	NaN	NaN	NaN	NaN
NaN	NaN	NaN	NaN	NaN	NaN
NaN	NaN	NaN	NaN	NaN	NaN
NaN	NaN	NaN	NaN	NaN	NaN
NaN	NaN	NaN	NaN	NaN	NaN
NaN	NaN	NaN	NaN	NaN	NaN
NaN	NaN	NaN	NaN	NaN	NaN
NaN	NaN	NaN	NaN	NaN	NaN
NaN	NaN	NaN	NaN	NaN	NaN
NaN	NaN	NaN	NaN	NaN	NaN
NaN	NaN	NaN	NaN	NaN	NaN
NaN	NaN	NaN	NaN	NaN	NaN
NaN	NaN	NaN	NaN	NaN	NaN
NaN	NaN	NaN	NaN	NaN	NaN
NaN	NaN	NaN	NaN	NaN	NaN
NaN	NaN	NaN	NaN	NaN	NaN
NaN	NaN	NaN	NaN	NaN	NaN
NaN	NaN	NaN	NaN	NaN	NaN
NaN	NaN	NaN	NaN	NaN	NaN
NaN	NaN	NaN	NaN	NaN	NaN
NaN	NaN	NaN	NaN	NaN	NaN
NaN	NaN	NaN	NaN	NaN	NaN
NaN	NaN	NaN	NaN	NaN	NaN
NaN	NaN	NaN	NaN	NaN	NaN
NaN	NaN	NaN	NaN	NaN	NaN
NaN	NaN	NaN	NaN	NaN	NaN
NaN	NaN	NaN	NaN	NaN	NaN
NaN	NaN	NaN	NaN	NaN	NaN
NaN	NaN	NaN	NaN	NaN	NaN
NaN	NaN	NaN	NaN	NaN	NaN
NaN	NaN	NaN	NaN	NaN	NaN
NaN	NaN	NaN	NaN	NaN	NaN
NaN	NaN	NaN	NaN	NaN	NaN
NaN	NaN	NaN	NaN	NaN	NaN
NaN	NaN	NaN	NaN	NaN	NaN
NaN	NaN	NaN	NaN	NaN	NaN
NaN	NaN	NaN	NaN	NaN	NaN
NaN	NaN	NaN	NaN	NaN	NaN
NaN	NaN	NaN	NaN	NaN	NaN
NaN	NaN	NaN	NaN	NaN	NaN
NaN	NaN	NaN	NaN	NaN	NaN
NaN	NaN	NaN	NaN	NaN	NaN
NaN	NaN	NaN	NaN	NaN	NaN
NaN	NaN	NaN	NaN	NaN	NaN
NaN	NaN	NaN	NaN	NaN	NaN
NaN	NaN	NaN	NaN	NaN	NaN
NaN	NaN	NaN	NaN	NaN	NaN
NaN	NaN	NaN	NaN	NaN	NaN
NaN	NaN	NaN	NaN	NaN	NaN
NaN	NaN	NaN	NaN	NaN	NaN
NaN	NaN	NaN	NaN	NaN	NaN
NaN	NaN	NaN	NaN	NaN	NaN
NaN	NaN	NaN	NaN	NaN	NaN
NaN	NaN	NaN	NaN	NaN	NaN
NaN	NaN	NaN	NaN	NaN	NaN
NaN	NaN	NaN	NaN	NaN	NaN
NaN	NaN	NaN	NaN	NaN	NaN
NaN	NaN	NaN	NaN	NaN	NaN
NaN	NaN	NaN	NaN	NaN	NaN
NaN	NaN	NaN	NaN	NaN	NaN
NaN	NaN	NaN	NaN	NaN	NaN
NaN	NaN	NaN	NaN	NaN	NaN
NaN	NaN	NaN	NaN	NaN	NaN
NaN	NaN	NaN	NaN	NaN	NaN
NaN	NaN	NaN	NaN	NaN	NaN
NaN	NaN	NaN	NaN	NaN	NaN
NaN	NaN	NaN	NaN	NaN	NaN
NaN	NaN	NaN	NaN	NaN	NaN
NaN	NaN	NaN	NaN	NaN	NaN
NaN	NaN	NaN	NaN	NaN	NaN
NaN	NaN	NaN	NaN	NaN	NaN
NaN	NaN	NaN	NaN	NaN	NaN
NaN	NaN	NaN	NaN	NaN	NaN
NaN	NaN	NaN	NaN	NaN	NaN
NaN	NaN	NaN	NaN	NaN	NaN
NaN	NaN	NaN	NaN	NaN	NaN
NaN	NaN	NaN	NaN	NaN	NaN
3	25.4872	18.6573	3.8692	51.9863	1
3	24.5224	18.1413	4.3622	52.9741	1
3	25.3188	17.9094	5.0831	51.6887	1
3	24.5444	19.4394	5.4651	50.5511	1
3	24.75	19.6407	5.1964	50.4129	1
3	24.946	19.386	5.546	50.122	1
3	24.9648	19.2708	5.5848	50.1796	1
3	24.4268	19.0122	6.0269	50.5341	1
3	23.4944	18.465	6.0376	52.003	1
3	22.3732	18.7971	6.1304	52.6993	1
3	22.8212	18.6912	6.5454	51.9422	1
3	23.478	17.4237	6.0755	53.0228	1
3	24.1432	17.0403	6.0712	52.7453	1
3	24.4068	17.3817	6.0292	52.1823	1
3	23.8788	17.2728	5.2296	53.6188	1
3	23.3552	17.9019	5.4206	53.3223	1
3	22.2492	18.528	5.0207	54.2021	1
3	23.1036	18.4143	5.6663	52.8158	1
3	20.44938	19.66654	4.16923	55.71485	1
3	21.5124	26.90871	4.494085	47.084805	1
1	20.24638	38.30963	4.28214	37.16185	1
1	14.58964	36.58375	2.7935	46.03311	1
1	15.1282	43.1235	2.6882	39.0601	1
1	17.8869	42.64761	3.2089	36.25659	1
1	18.19564	33.63942	3.94733	44.21761	1
3	18.18798	24.38769	4.31043	53.1139	1
3	23.57784	21.65613	5.993305	48.772725	1
3	26.3916	19.1493	6.2397	48.2194	1
3	26.6244	19.032	6.1909	48.1527	1
3	26.4508	19.2093	6.3596	47.9803	1
3	27.6448	19.2417	5.8213	47.2922	1
3	27.658	20.4537	5.7226	46.1657	1
3	27.066	21.6717	5.172	46.0903	1
3	27.6456	22.1553	5.7544	44.4447	1
3	28.4312	22.3485	5.9761	43.2442	1
3	29.0104	23.715	6.0908	41.1838	1
3	28.9872	23.9067	5.6452	41.4609	1
3	29.1612	23.6538	6.1475	41.0375	1
3	28.5492	23.3991	7.079	40.9727	1
3	28.5264	22.7082	7.1109	41.6545	1
3	27.916	23.1846	7.3237	41.5757	1
3	29.074	22.6344	6.9454	41.3462	1
3	30.0472	22.0833	6.0909	41.7786	1
3	30.0336	21.9708	6.0276	41.968	1
3	29.244	22.1457	6.7176	41.8927	1
3	29.442	22.6128	6.3043	41.6409	1
3	30.2232	22.9332	6.1147	40.7289	1
3	29.2344	22.9662	5.826	41.9734	1
3	29.2252	23.0025	6.1059	41.6664	1
3	27.97786	26.30775	5.818625	39.895765	1
3	27.80596	26.30565	6.01473	39.87366	1
3	27.59518	26.42316	6.030425	39.951235	1
3	29.3176	24.2115	6.0569	40.414	1
3	28.8948	25.1433	6.3723	39.5896	1
3	29.442	25.7799	6.1971	38.581	1
3	29.7872	26.7114	6.9259	36.5755	1
3	29.9412	26.7678	6.7461	36.5449	1
3	30.8768	27.1287	6.6245	35.37	1
3	30.85	28.0785	6.8887	34.1828	1
3	31.4064	28.7247	6.9469	32.922	1
3	31.9564	29.088	6.7796	32.176	1
3	32.5024	28.2873	6.1381	33.0722	1
3	32.6612	28.2282	5.6608	33.4498	1
3	32.4208	27.7305	5.3128	34.5359	1
3	32.372	27.2241	5.7124	34.6915	1
3	30.7496	26.8641	5.8276	36.5587	1
3	30.6968	26.94	5.5548	36.8084	1
3	30.4548	26.271	5.2885	37.9857	1
3	32.3756	25.1538	5.6699	36.8007	1
3	31.5548	25.0635	5.6686	37.7131	1
3	30.926	26.1459	4.9468	37.9813	1
3	30.2928	25.6044	5.0713	39.0315	1
3	30.4392	25.6509	5.0781	38.8318	1
3	29.9872	25.8426	4.8355	39.3347	1
3	28.9448	25.7457	5.3105	39.999	1
3	26.928	25.3506	5.0078	42.7136	1
3	26.0756	25.9896	4.9722	42.9626	1
3	26.2116	25.1568	5.4542	43.1774	1
3	26.9456	24.7746	5.5033	42.7765	1
3	26.6868	25.2633	5.2689	42.781	1
3	27.008	25.7292	5.6055	41.6573	1
3	26.9468	26.3529	5.2368	41.4635	1
3	27.674	26.3862	5.0506	40.8892	1
3	27.8276	26.271	4.5934	41.308	1
3	27.7904	24.9777	4.5166	42.7153	1
3	27.366	24.7077	4.5484	43.3779	1
3	27.1424	24.138	4.2118	44.5078	1
3	27.3108	24.4575	4.2741	43.9576	1
3	27.8728	23.4594	4.4203	44.2475	1
3	28.044	23.349	3.4952	45.1118	1
3	27.234	22.8021	3.7223	46.2416	1
3	27.9864	23.4297	3.6783	44.9056	1
3	28.9228	24.3525	3.797	42.9277	1
3	29.2724	24.9807	3.5796	42.1673	1
3	29.8308	25.17	2.988	42.0112	1
3	30.1824	24.1827	2.8494	42.7855	1
3	31.124	23.1984	3.1601	42.5175	1
3	31.47	23.3868	3.216	41.9272	1
3	31.4256	23.1294	3.4372	42.0078	1
3	30.9992	23.0202	3.1415	42.8391	1
3	30.5656	22.9107	3.2994	43.2243	1
3	30.1464	23.094	2.7647	43.9949	1
3	29.3352	23.1282	3.0437	44.4929	1
3	30.2848	23.8839	2.7055	43.1258	1
3	29.2624	23.8968	2.2854	44.5554	1
3	28.0452	23.91	2.2535	45.7913	1
3	29.3852	23.4786	2.5623	44.5739	1
3	30.134	23.9193	2.5213	43.4254	1
3	30.8796	24.6537	2.47	41.9967	1
3	30.6404	24.5031	2.7194	42.1371	1
3	30.7992	25.0872	2.8611	41.2525	1
3	31.1616	25.0908	3.0163	40.7313	1
3	30.338	24.9567	3.2492	41.4561	1
3	30.3052	25.2657	3.8942	40.5349	1
3	28.4976	24.6909	3.8397	42.9718	1
3	29.438	24.5442	4.2097	41.8081	1
3	26.8436	24.2514	4.2088	44.6962	1
3	26.7888	24.6846	3.924	44.6026	1
3	26.5364	24.231	4.1703	45.0623	1
3	25.1228	24.0708	3.7604	47.046	1
3	24.4988	23.7615	4.5623	47.1774	1
3	24.1	22.8642	4.505	48.5308	1
3	22.9276	22.8561	4.4354	49.7809	1
3	22.3468	22.11	4.3093	51.2339	1
NaN	NaN	NaN	NaN	NaN	NaN
NaN	NaN	NaN	NaN	NaN	2
NaN	NaN	NaN	NaN	NaN	NaN
3	23.2072	22.5912	4.9093	49.2923	1
NaN	NaN	NaN	NaN	NaN	NaN
NaN	NaN	NaN	NaN	NaN	2
NaN	NaN	NaN	NaN	NaN	NaN
3	24.798	22.0146	5.7611	47.4263	1
NaN	NaN	NaN	NaN	NaN	NaN
NaN	NaN	NaN	NaN	NaN	2
NaN	NaN	NaN	NaN	NaN	NaN
3	23.4204	23.6631	4.3184	48.5981	1
NaN	NaN	NaN	NaN	NaN	NaN
NaN	NaN	NaN	NaN	NaN	2
NaN	NaN	NaN	NaN	NaN	NaN
3	24.162	23.7447	4.6435	47.4498	1
NaN	NaN	NaN	NaN	NaN	NaN
NaN	NaN	NaN	NaN	NaN	2
NaN	NaN	NaN	NaN	NaN	NaN
3	22.9572	25.0017	5.2274	46.8137	1
NaN	NaN	NaN	NaN	NaN	NaN
NaN	NaN	NaN	NaN	NaN	2
NaN	NaN	NaN	NaN	NaN	NaN
3	23.0736	27.2655	4.6258	45.0351	1
NaN	NaN	NaN	NaN	NaN	NaN
NaN	NaN	NaN	NaN	NaN	2
NaN	NaN	NaN	NaN	NaN	NaN
3	24.1708	27.3288	4.5317	43.9687	1
NaN	NaN	NaN	NaN	NaN	NaN
NaN	NaN	NaN	NaN	NaN	2
NaN	NaN	NaN	NaN	NaN	NaN
3	23.1412	26.8041	4.0337	46.021	1
NaN	NaN	NaN	NaN	NaN	NaN
NaN	NaN	NaN	NaN	NaN	2
NaN	NaN	NaN	NaN	NaN	NaN
3	24.2468	26.8263	3.8145	45.1124	1
NaN	NaN	NaN	NaN	NaN	NaN
NaN	NaN	NaN	NaN	NaN	2
NaN	NaN	NaN	NaN	NaN	NaN
3	26.07	27.3852	5.1766	41.3682	1
NaN	NaN	NaN	NaN	NaN	NaN
NaN	NaN	NaN	NaN	NaN	2
NaN	NaN	NaN	NaN	NaN	NaN
3	24.2396	27.7356	5.1658	42.859	1
NaN	NaN	NaN	NaN	NaN	NaN
NaN	NaN	NaN	NaN	NaN	2
NaN	NaN	NaN	NaN	NaN	NaN
3	25.4788	26.8992	5.8443	41.7777	1
NaN	NaN	NaN	NaN	NaN	NaN
NaN	NaN	NaN	NaN	NaN	2
NaN	NaN	NaN	NaN	NaN	NaN
3	27.262	26.685	4.8625	41.1905	1
NaN	NaN	NaN	NaN	NaN	NaN
NaN	NaN	NaN	NaN	NaN	2
NaN	NaN	NaN	NaN	NaN	NaN
3	26.9508	23.9757	4.9842	44.0893	1
NaN	NaN	NaN	NaN	NaN	NaN
NaN	NaN	NaN	NaN	NaN	2
NaN	NaN	NaN	NaN	NaN	NaN
3	28.7984	24.8349	6.2897	40.077	1
NaN	NaN	NaN	NaN	NaN	NaN
NaN	NaN	NaN	NaN	NaN	2
NaN	NaN	NaN	NaN	NaN	NaN
3	27.7468	25.7079	7.0502	39.4951	1
NaN	NaN	NaN	NaN	NaN	NaN
NaN	NaN	NaN	NaN	NaN	2
NaN	NaN	NaN	NaN	NaN	NaN
3	31.04826	24.00484	9.13112	35.81578	1
NaN	NaN	NaN	NaN	NaN	NaN
NaN	NaN	NaN	NaN	NaN	2
NaN	NaN	NaN	NaN	NaN	NaN
2	36.71133	18.71162	10.246	34.33105	1
NaN	NaN	NaN	NaN	NaN	NaN
NaN	NaN	NaN	NaN	NaN	2
NaN	NaN	NaN	NaN	NaN	NaN
2	37.39901	17.64915	9.07783	35.87401	1
NaN	NaN	NaN	NaN	NaN	NaN
NaN	NaN	NaN	NaN	NaN	2
NaN	NaN	NaN	NaN	NaN	NaN
3	34.83144	17.67328	7.53474	39.96054	1
NaN	NaN	NaN	NaN	NaN	NaN
NaN	NaN	NaN	NaN	NaN	2
NaN	NaN	NaN	NaN	NaN	NaN
3	36.54346	25.29701	7.377475	30.782055	1
NaN	NaN	NaN	NaN	NaN	NaN
NaN	NaN	NaN	NaN	NaN	2
NaN	NaN	NaN	NaN	NaN	NaN
3	28.1154	30.44256	5.22863	36.21341	1
NaN	NaN	NaN	NaN	NaN	NaN
NaN	NaN	NaN	NaN	NaN	2
NaN	NaN	NaN	NaN	NaN	NaN
3	33.7317	20.16235	6.5011	39.60485	1
NaN	NaN	NaN	NaN	NaN	NaN
NaN	NaN	NaN	NaN	NaN	2
NaN	NaN	NaN	NaN	NaN	NaN
3	29.63238	15.74241	5.69583	48.92938	1
NaN	NaN	NaN	NaN	NaN	NaN
NaN	NaN	NaN	NaN	NaN	2
NaN	NaN	NaN	NaN	NaN	NaN
3	32.49394	14.7991	6.6262	46.08076	1
NaN	NaN	NaN	NaN	NaN	NaN
NaN	NaN	NaN	NaN	NaN	2
NaN	NaN	NaN	NaN	NaN	NaN
2	31.60385	23.571	7.31232	37.51283	1
NaN	NaN	NaN	NaN	NaN	NaN
NaN	NaN	NaN	NaN	NaN	2
NaN	NaN	NaN	NaN	NaN	NaN
3	31.51772	18.85222	7.52188	42.10818	1
NaN	NaN	NaN	NaN	NaN	NaN
NaN	NaN	NaN	NaN	NaN	2
NaN	NaN	NaN	NaN	NaN	NaN
3	35.63655	17.96895	6.86735	39.52715	1
NaN	NaN	NaN	NaN	NaN	NaN
NaN	NaN	NaN	NaN	NaN	2
NaN	NaN	NaN	NaN	NaN	NaN
2	40.58229	19.28828	9.08806	31.04137	1
NaN	NaN	NaN	NaN	NaN	NaN
NaN	NaN	NaN	NaN	NaN	2
NaN	NaN	NaN	NaN	NaN	NaN
2	36.17318	17.27252	9.40533	37.14897	1
NaN	NaN	NaN	NaN	NaN	NaN
NaN	NaN	NaN	NaN	NaN	2
NaN	NaN	NaN	NaN	NaN	NaN
2	38.72951	16.54102	10.20305	34.52642	1
NaN	NaN	NaN	NaN	NaN	NaN
NaN	NaN	NaN	NaN	NaN	2
3	24.9764	18.5949	5.4916	50.9371	1
3	24.0436	19.5408	5.8128	50.6028	1
3	24.68	18.5697	5.1004	51.6499	1
3	24.146	18.3312	5.3582	52.1646	1
3	23.806	18.6714	4.9249	52.5977	1
3	22.8804	18.4254	4.9921	53.7021	1
3	22.9332	18.7626	5.1616	53.1426	1
3	22.5924	18.5121	5.341	53.5545	1
3	22.2572	18.4065	5.7492	53.5871	1
3	22.7096	19.3347	5.7608	52.1949	1
3	23.36	18.945	5.8668	51.8282	1
3	23.8224	18.555	5.5296	52.093	1
3	23.6848	18.3054	4.9388	53.071	1
3	23.3452	17.7624	4.8133	54.0791	1
3	24.1748	17.8131	4.986	53.0261	1
3	22.8428	17.8605	4.7411	54.5556	1
3	23.2796	17.4687	4.4024	54.8493	1
3	23.5216	17.5062	5.0974	53.8748	1
3	22.9556	18.4239	5.3562	53.2643	1
3	22.81056	20.91347	5.82858	50.44739	1
3	18.5943	25.36923	4.40232	51.63415	1
1	17.62888	36.7949	3.627225	41.948995	1
1	18.52314	44.05347	3.28423	34.13916	1
1	14.7948	44.714	1.84515	38.64605	1
1	13.99332	36.19156	1.80468	48.01044	1
1	17.70258	29.67605	3.505305	49.116065	1
3	24.88608	26.98209	6.120655	42.011175	1
3	22.3434	16.60689	6.26049	54.78922	1
3	26.61	18.633	6.6319	48.1251	1
3	27.4176	18.5211	6.3224	47.7389	1
3	28.2408	19.3014	6.277	46.1808	1
3	28.6892	19.9446	6.5648	44.8014	1
3	28.7508	20.4414	5.8823	44.9255	1
3	28.406	21.2289	6.2944	44.0707	1
3	28.642	21.7215	5.8747	43.7618	1
3	28.8556	21.9177	6.2535	42.9732	1
3	28.2728	22.4046	6.4148	42.9078	1
3	27.4932	22.446	6.9599	43.1009	1
3	27.6924	23.0691	7.0096	42.2289	1
3	28.2892	23.6997	6.5388	41.4723	1
3	27.3212	23.4456	6.8314	42.4018	1
3	27.7172	23.3376	6.6495	42.2957	1
3	28.3148	23.3829	6.4206	41.8817	1
3	28.1296	23.5782	6.2646	42.0276	1
3	28.7044	23.9166	6.1483	41.2307	1
3	29.0804	24.24	5.976	40.7036	1
3	29.456	24.1149	6.2671	40.162	1
3	30.6088	24.5799	5.9551	38.8562	1
3	29.78892	26.21656	5.52442	38.4701	1
3	28.67508	28.6539	4.93048	37.74054	1
1	28.55776	35.53384	4.90974	30.99866	1
3	25.43696	33.8729	4.16914	36.521	1
3	31.93268	32.84463	6.13413	29.08856	1
3	34.04962	31.1313	7.108005	27.711075	1
3	31.8312	25.6344	6.8988	35.6356	1
3	31.0312	26.5713	6.8647	35.5328	1
3	31.59	27.3696	6.5292	34.5112	1
3	32.7452	27.2871	6.1197	33.848	1
3	33.9092	28.3764	6.4031	31.3113	1
3	31.9336	28.2894	6.3645	33.4125	1
3	31.508	28.7976	5.902	33.7924	1
3	31.0796	28.7271	5.8247	34.3686	1
3	30.0624	27.9264	5.6273	36.3839	1
3	30.0204	27.8742	5.3174	36.788	1
3	30.9512	27.8208	5.3553	35.8727	1
3	30.9016	28.3476	4.6919	36.0589	1
3	32.046	28.2867	4.3823	35.285	1
3	31.6268	27.1995	4.655	36.5187	1
3	30.406	26.5518	4.9767	38.0655	1
3	30.9544	27.513	5.0831	36.4495	1
3	30.3256	26.9895	5.2995	37.3854	1
3	30.4812	26.7486	5.4099	37.3603	1
3	29.6568	26.6454	4.5177	39.1801	1
3	29.6192	26.244	4.5825	39.5543	1
3	29.1888	26.4354	4.4759	39.8999	1
3	28.758	26.9211	5.3719	38.949	1
3	28.9236	27.2586	5.2483	38.5695	1
3	28.8952	27.2949	4.9635	38.8464	1
3	28.6636	26.6031	4.8955	39.8378	1
3	27.854	26.6478	5.6028	39.8954	1
3	28.6008	26.8368	5.4285	39.1339	1
3	29.5476	25.8519	5.213	39.3875	1
3	29.916	25.4484	4.622	40.0136	1
3	28.9044	24.456	4.4807	42.1589	1
3	28.6864	24.7809	5.1001	41.4326	1
3	28.08	24.8121	4.7236	42.3843	1
3	28.2388	24.993	4.4107	42.3575	1
3	27.5992	24.1428	3.3848	44.8732	1
3	27.7464	23.5788	3.3256	45.3492	1
3	26.5172	23.7555	3.5967	46.1306	1
3	26.0844	24.228	3.3166	46.371	1
3	26.0488	24.2616	3.4336	46.256	1
3	26.4072	24.735	3.123	45.7348	1
3	27.7524	24.7749	3.055	44.4177	1
3	27.928	23.9385	2.9346	45.1989	1
3	28.1028	23.8341	3.217	44.8461	1
3	28.4672	22.7016	3.2825	45.5487	1
3	29.6184	23.1732	3.2864	43.922	1
3	28.626	23.2053	2.9322	45.2365	1
3	28.9984	22.9407	2.8901	45.1708	1
3	27.3884	22.8252	2.8767	46.9097	1
3	27.7356	23.5872	2.588	46.0892	1
3	28.2744	23.9055	2.1249	45.6952	1
3	29.4036	23.1951	2.2482	45.1531	1
3	29.5572	24.0933	2.1527	44.1968	1
3	29.5148	23.3673	2.0405	45.0774	1
3	30.6532	23.0724	2.3088	43.9656	1
3	31.0072	22.7664	2.7473	43.4791	1
3	29.7872	23.4906	2.0628	44.6594	1
3	30.5236	24.072	1.9118	43.4926	1
3	30.0772	24.204	2.3908	43.328	1
3	30.4068	24.1998	2.766	42.6274	1
3	30.5468	23.7654	3.8464	41.8414	1
3	29.5184	24.2106	3.4263	42.8447	1
3	29.6728	24.2169	3.7239	42.3864	1
3	28.0664	23.9238	3.6511	44.3587	1
3	28.426	23.6274	3.4867	44.4599	1
3	27.0216	23.9217	4.0587	44.998	1
3	27.3792	23.1825	4.3515	45.0868	1
3	27.7444	23.1801	4.3631	44.7124	1
3	26.9308	22.4373	4.5419	46.09	1
3	26.1116	22.7271	4.4296	46.7317	1
3	25.6892	23.1639	3.7087	47.4382	1
3	24.0988	21.84	3.8685	50.1927	1
NaN	NaN	NaN	NaN	NaN	NaN
NaN	NaN	NaN	NaN	NaN	NaN
NaN	NaN	NaN	NaN	NaN	NaN
NaN	NaN	NaN	NaN	NaN	NaN
NaN	NaN	NaN	NaN	NaN	NaN
NaN	NaN	NaN	NaN	NaN	NaN
NaN	NaN	NaN	NaN	NaN	NaN
NaN	NaN	NaN	NaN	NaN	NaN
NaN	NaN	NaN	NaN	NaN	NaN
NaN	NaN	NaN	NaN	NaN	NaN
NaN	NaN	NaN	NaN	NaN	NaN
NaN	NaN	NaN	NaN	NaN	NaN
NaN	NaN	NaN	NaN	NaN	NaN
NaN	NaN	NaN	NaN	NaN	NaN
NaN	NaN	NaN	NaN	NaN	NaN
NaN	NaN	NaN	NaN	NaN	NaN
NaN	NaN	NaN	NaN	NaN	NaN
NaN	NaN	NaN	NaN	NaN	NaN
NaN	NaN	NaN	NaN	NaN	NaN
NaN	NaN	NaN	NaN	NaN	NaN
NaN	NaN	NaN	NaN	NaN	NaN
NaN	NaN	NaN	NaN	NaN	NaN
NaN	NaN	NaN	NaN	NaN	NaN
NaN	NaN	NaN	NaN	NaN	NaN
NaN	NaN	NaN	NaN	NaN	NaN
NaN	NaN	NaN	NaN	NaN	NaN
NaN	NaN	NaN	NaN	NaN	NaN
NaN	NaN	NaN	NaN	NaN	NaN
NaN	NaN	NaN	NaN	NaN	NaN
NaN	NaN	NaN	NaN	NaN	NaN
NaN	NaN	NaN	NaN	NaN	NaN
NaN	NaN	NaN	NaN	NaN	NaN
NaN	NaN	NaN	NaN	NaN	NaN
NaN	NaN	NaN	NaN	NaN	NaN
NaN	NaN	NaN	NaN	NaN	NaN
NaN	NaN	NaN	NaN	NaN	NaN
NaN	NaN	NaN	NaN	NaN	NaN
NaN	NaN	NaN	NaN	NaN	NaN
NaN	NaN	NaN	NaN	NaN	NaN
NaN	NaN	NaN	NaN	NaN	NaN
NaN	NaN	NaN	NaN	NaN	NaN
NaN	NaN	NaN	NaN	NaN	NaN
NaN	NaN	NaN	NaN	NaN	NaN
NaN	NaN	NaN	NaN	NaN	NaN
NaN	NaN	NaN	NaN	NaN	NaN
NaN	NaN	NaN	NaN	NaN	NaN
NaN	NaN	NaN	NaN	NaN	NaN
NaN	NaN	NaN	NaN	NaN	NaN
NaN	NaN	NaN	NaN	NaN	NaN
NaN	NaN	NaN	NaN	NaN	NaN
NaN	NaN	NaN	NaN	NaN	NaN
NaN	NaN	NaN	NaN	NaN	NaN
NaN	NaN	NaN	NaN	NaN	NaN
NaN	NaN	NaN	NaN	NaN	NaN
NaN	NaN	NaN	NaN	NaN	NaN
NaN	NaN	NaN	NaN	NaN	NaN
NaN	NaN	NaN	NaN	NaN	NaN
NaN	NaN	NaN	NaN	NaN	NaN
NaN	NaN	NaN	NaN	NaN	NaN
NaN	NaN	NaN	NaN	NaN	NaN
NaN	NaN	NaN	NaN	NaN	NaN
NaN	NaN	NaN	NaN	NaN	NaN
NaN	NaN	NaN	NaN	NaN	NaN
NaN	NaN	NaN	NaN	NaN	NaN
NaN	NaN	NaN	NaN	NaN	NaN
NaN	NaN	NaN	NaN	NaN	NaN
NaN	NaN	NaN	NaN	NaN	NaN
NaN	NaN	NaN	NaN	NaN	NaN
NaN	NaN	NaN	NaN	NaN	NaN
NaN	NaN	NaN	NaN	NaN	NaN
NaN	NaN	NaN	NaN	NaN	NaN
NaN	NaN	NaN	NaN	NaN	NaN
NaN	NaN	NaN	NaN	NaN	NaN
NaN	NaN	NaN	NaN	NaN	NaN
NaN	NaN	NaN	NaN	NaN	NaN
NaN	NaN	NaN	NaN	NaN	NaN
NaN	NaN	NaN	NaN	NaN	NaN
NaN	NaN	NaN	NaN	NaN	NaN
NaN	NaN	NaN	NaN	NaN	NaN
NaN	NaN	NaN	NaN	NaN	NaN
NaN	NaN	NaN	NaN	NaN	NaN
NaN	NaN	NaN	NaN	NaN	NaN
NaN	NaN	NaN	NaN	NaN	NaN
NaN	NaN	NaN	NaN	NaN	NaN
NaN	NaN	NaN	NaN	NaN	NaN
NaN	NaN	NaN	NaN	NaN	NaN
NaN	NaN	NaN	NaN	NaN	NaN
NaN	NaN	NaN	NaN	NaN	NaN
NaN	NaN	NaN	NaN	NaN	NaN
NaN	NaN	NaN	NaN	NaN	NaN
NaN	NaN	NaN	NaN	NaN	NaN
NaN	NaN	NaN	NaN	NaN	NaN
NaN	NaN	NaN	NaN	NaN	NaN
NaN	NaN	NaN	NaN	NaN	NaN
NaN	NaN	NaN	NaN	NaN	NaN
NaN	NaN	NaN	NaN	NaN	NaN
NaN	NaN	NaN	NaN	NaN	NaN
NaN	NaN	NaN	NaN	NaN	NaN
NaN	NaN	NaN	NaN	NaN	NaN
NaN	NaN	NaN	NaN	NaN	NaN
NaN	NaN	NaN	NaN	NaN	NaN
NaN	NaN	NaN	NaN	NaN	NaN
NaN	NaN	NaN	NaN	NaN	NaN
NaN	NaN	NaN	NaN	NaN	NaN
NaN	NaN	NaN	NaN	NaN	NaN
NaN	NaN	NaN	NaN	NaN	NaN
NaN	NaN	NaN	NaN	NaN	NaN
NaN	NaN	NaN	NaN	NaN	NaN
NaN	NaN	NaN	NaN	NaN	NaN
NaN	NaN	NaN	NaN	NaN	NaN
NaN	NaN	NaN	NaN	NaN	NaN
NaN	NaN	NaN	NaN	NaN	NaN
NaN	NaN	NaN	NaN	NaN	NaN
NaN	NaN	NaN	NaN	NaN	NaN
NaN	NaN	NaN	NaN	NaN	NaN
NaN	NaN	NaN	NaN	NaN	NaN
NaN	NaN	NaN	NaN	NaN	NaN
NaN	NaN	NaN	NaN	NaN	NaN
NaN	NaN	NaN	NaN	NaN	NaN
NaN	NaN	NaN	NaN	NaN	NaN
NaN	NaN	NaN	NaN	NaN	NaN
NaN	NaN	NaN	NaN	NaN	NaN
NaN	NaN	NaN	NaN	NaN	NaN
NaN	NaN	NaN	NaN	NaN	NaN
NaN	NaN	NaN	NaN	NaN	NaN
NaN	NaN	NaN	NaN	NaN	NaN
3	22.4276	17.0967	5.7515	54.7242	1
3	22.504	17.4222	5.9933	54.0805	1
3	23.7732	18.1977	5.4426	52.5865	1
3	24.4496	18.0903	4.9662	52.4939	1
3	23.7468	17.8413	5.1518	53.2601	1
3	24.4056	17.5995	4.4488	53.5461	1
3	23.6964	18.0987	4.3337	53.8712	1
3	22.9744	18.1626	4.8168	54.0462	1
3	23.4148	18.3747	4.6288	53.5817	1
3	24.232	18.4365	5.1	52.2315	1
3	24.272	18.9246	4.984	51.8194	1
3	24.1172	18.2352	5.0867	52.5609	1
3	23.3636	18.4209	4.901	53.3145	1
3	24.1796	17.4429	4.9847	53.3928	1
3	24.2216	17.0625	5.2356	53.4803	1
3	25.2388	16.9764	4.7852	52.9996	1
3	24.2992	17.0268	4.4823	54.1917	1
3	25.1344	17.5128	4.0938	53.259	1
3	25.1864	17.697	4.863	52.2536	1
3	24.6592	18.4707	5.4439	51.4262	1
3	21.30794	20.09912	5.29287	53.30007	1
3	21.55128	30.20214	4.85204	43.39454	1
1	15.69568	35.8654	2.86767	45.57125	1
1	14.8706	44.829	1.5091	38.7913	1
1	14.7378	44.314	1.37945	39.56875	1
1	18.89324	40.18725	3.13311	37.7864	1
3	20.6792	31.1781	4.1002	44.0425	1
3	25.1985	21.45889	6.15529	47.18732	1
3	27.6956	19.7805	6.9298	45.5941	1
3	28.1168	19.9905	6.6833	45.2094	1
3	28.728	19.3113	6.2712	45.6895	1
3	28.9472	20.2437	6.2959	44.5132	1
3	27.9928	20.8779	6.1442	44.9851	1
3	27.628	21.5118	6.5033	44.3569	1
3	26.8744	21.2691	6.1389	45.7176	1
3	26.1248	21.4653	5.8067	46.6032	1
3	26.9408	21.6597	5.554	45.8455	1
3	27.7668	22.0011	6.006	44.2261	1
3	27.0204	23.0706	6.563	43.346	1
3	26.2684	22.9611	5.7985	44.972	1
3	27.2812	22.8411	5.8138	44.0639	1
3	28.2944	23.3136	5.9065	42.4855	1
3	27.9464	23.3538	5.9132	42.7866	1
3	28.378	24.1341	6.5846	40.9033	1
3	28.2068	24.1842	6.5258	41.0832	1
3	29.1864	24.8235	6.6682	39.3219	1
3	29.578	23.6976	6.5782	40.1462	1
3	31.9236	24.3261	6.4012	37.3491	1
3	28.7154	21.13695	5.48622	44.66143	1
